[
  {
    "dataset": "Brandimarte",
    "instance": "Mk01.fjs",
    "source_path": "data/benchmarks/brandimarte/Mk01.fjs",
    "source_sha256": "449ada8093e03a84bf2255fa2a1673ccbc80cce7b82e855c5216533a330751ff",
    "source_bytes": 595,
    "num_jobs": 10,
    "num_machines": 6,
    "num_operations": 55,
    "num_agv": 3,
    "speed_levels": [
      0.5,
      0.75,
      1.0
    ],
    "extension_base_seed": 42,
    "extension_instance_seed": 947007911,
    "layout_coordinates": [
      [
        0.37042626600324524,
        0.6105619318200262
      ],
      [
        0.2779423572781733,
        0.08697934989434376
      ],
      [
        1.4247386856538808,
        0.3326783295452362
      ],
      [
        1.2233144150580746,
        1.0748841780712144
      ],
      [
        1.793609726227652,
        1.6543181170663555
      ],
      [
        0.7759937056551891,
        1.2098184429203382
      ],
      [
        1.7084417857830363,
        0.05985884135617182
      ]
    ],
    "distance_matrix": [
      [
        0.0,
        0.5316878722230095,
        1.0903182905201543,
        0.9710887411364225,
        1.7649017354221979,
        0.7235974807874552,
        1.4469137586663638
      ],
      [
        0.5316878722230095,
        0.0,
        1.1728213024060796,
        1.3673639885437152,
        2.1803207067719454,
        1.2283414730634155,
        1.4307564911389041
      ],
      [
        1.0903182905201543,
        1.1728213024060796,
        0.0,
        0.7690521818259277,
        1.3721507105754989,
        1.0909834222228998,
        0.3935961409346345
      ],
      [
        0.9710887411364225,
        1.3673639885437152,
        0.7690521818259277,
        0.0,
        0.8130070304747863,
        0.46722914388025316,
        1.125
      ],
      [
        1.7649017354221979,
        2.1803207067719454,
        1.3721507105754989,
        0.8130070304747863,
        0.0,
        1.1104604115598404,
        1.596732275610981
      ],
      [
        0.7235974807874552,
        1.2283414730634155,
        1.0909834222228998,
        0.46722914388025316,
        1.1104604115598404,
        0.0,
        1.4804953587781777
      ],
      [
        1.4469137586663638,
        1.4307564911389041,
        0.3935961409346345,
        1.125,
        1.596732275610981,
        1.4804953587781777,
        0.0
      ]
    ],
    "machine_proc_power": [
      7.823723954233721,
      9.923831740045479,
      9.040352057328697,
      7.298902591564855,
      9.192387671493474,
      6.270028181226973
    ],
    "machine_idle_power": [
      1.9559309885584302,
      2.4809579350113697,
      2.260088014332174,
      1.8247256478912137,
      2.2980969178733686,
      1.5675070453067432
    ],
    "machine_setup_power": [
      3.9118619771168603,
      4.9619158700227395,
      4.520176028664348,
      3.6494512957824274,
      4.596193835746737,
      3.1350140906134865
    ],
    "machine_setup_time": [
      0.29440420965565006,
      0.3442741202635995,
      0.4135631420792906,
      0.4091949072860629,
      0.6837627906127084,
      0.6313132557597028
    ],
    "agv_load_power_params": [
      4.228666237297221,
      0.0,
      0.0
    ],
    "agv_empty_power_params": [
      2.5371997423783323,
      0.0,
      0.0
    ],
    "extension_metadata": {
      "energy_model_version": "calibrated_dimensionless_v5",
      "transport_time_ratio_target": 0.3,
      "transport_time_ratio_realized": 0.3,
      "median_processing_time": 5.0,
      "middle_speed": 0.75,
      "layout_distance_scale": 1.8043073287549152,
      "machine_idle_boundary": "first_processing_start_to_last_completion",
      "energy_unit": "normalized_energy_index"
    }
  },
  {
    "dataset": "Brandimarte",
    "instance": "Mk02.fjs",
    "source_path": "data/benchmarks/brandimarte/Mk02.fjs",
    "source_sha256": "866c83e42be3ec3a96c6c4123e355f0b45e16d54da19a1bb21cf100cf6121bf3",
    "source_bytes": 1093,
    "num_jobs": 10,
    "num_machines": 6,
    "num_operations": 58,
    "num_agv": 3,
    "speed_levels": [
      0.5,
      0.75,
      1.0
    ],
    "extension_base_seed": 42,
    "extension_instance_seed": 1163642852,
    "layout_coordinates": [
      [
        0.2993932978076054,
        0.9150871233255174
      ],
      [
        1.833432536994683,
        0.3149289608871785
      ],
      [
        1.3544018572136252,
        1.1658576712903734
      ],
      [
        0.7287155966287667,
        0.7730329629630327
      ],
      [
        0.3675905219027016,
        0.7525183312393324
      ],
      [
        1.2363596350796116,
        0.5174859334942442
      ],
      [
        1.0747246034623532,
        0.1364471851478051
      ]
    ],
    "distance_matrix": [
      [
        0.0,
        1.6472602123851081,
        1.0844025673828699,
        0.45221346811144086,
        0.17629371382621115,
        1.017837228311169,
        1.0988260949093298
      ],
      [
        1.6472602123851081,
        0.0,
        0.9764988798559612,
        1.1959342770609702,
        1.5297637955756815,
        0.6304961358747762,
        0.7794186761144347
      ],
      [
        1.0844025673828699,
        0.9764988798559612,
        0.0,
        0.7387790929345007,
        1.0698813118902295,
        0.6590294959856564,
        1.0667264481797254
      ],
      [
        0.45221346811144086,
        1.1959342770609702,
        0.7387790929345007,
        0.0,
        0.3617072983928652,
        0.5683368315048783,
        0.7245437773706866
      ],
      [
        0.17629371382621115,
        1.5297637955756815,
        1.0698813118902295,
        0.3617072983928652,
        0.0,
        0.8999999999999999,
        0.9378604727515389
      ],
      [
        1.017837228311169,
        0.6304961358747762,
        0.6590294959856564,
        0.5683368315048783,
        0.8999999999999999,
        0.0,
        0.4139038670842943
      ],
      [
        1.0988260949093298,
        0.7794186761144347,
        1.0667264481797254,
        0.7245437773706866,
        0.9378604727515389,
        0.4139038670842943,
        0.0
      ]
    ],
    "machine_proc_power": [
      8.710922194270928,
      8.526573396843133,
      5.198254997843743,
      7.734392771251743,
      8.841787808988897,
      8.49857630845844
    ],
    "machine_idle_power": [
      2.177730548567732,
      2.1316433492107834,
      1.2995637494609358,
      1.9335981928129358,
      2.2104469522472243,
      2.12464407711461
    ],
    "machine_setup_power": [
      4.355461097135464,
      4.263286698421567,
      2.5991274989218716,
      3.8671963856258715,
      4.420893904494449,
      4.24928815422922
    ],
    "machine_setup_time": [
      0.32475935604198064,
      0.2896214334652205,
      0.2621101155862784,
      0.4972035358262232,
      0.24634580542104986,
      0.5847383400600392
    ],
    "agv_load_power_params": [
      5.902172954329602,
      0.0,
      0.0
    ],
    "agv_empty_power_params": [
      3.5413037725977614,
      0.0,
      0.0
    ],
    "extension_metadata": {
      "energy_model_version": "calibrated_dimensionless_v5",
      "transport_time_ratio_target": 0.3,
      "transport_time_ratio_realized": 0.3,
      "median_processing_time": 4.0,
      "middle_speed": 0.75,
      "layout_distance_scale": 1.9031162227596936,
      "machine_idle_boundary": "first_processing_start_to_last_completion",
      "energy_unit": "normalized_energy_index"
    }
  },
  {
    "dataset": "Brandimarte",
    "instance": "Mk03.fjs",
    "source_path": "data/benchmarks/brandimarte/Mk03.fjs",
    "source_sha256": "0eb4b563ac5d635c0229769184ab8959f24cc78c725a1277a1e6a2d7bc7f4228",
    "source_bytes": 2425,
    "num_jobs": 15,
    "num_machines": 8,
    "num_operations": 150,
    "num_agv": 3,
    "speed_levels": [
      0.5,
      0.75,
      1.0
    ],
    "extension_base_seed": 42,
    "extension_instance_seed": 1612816032,
    "layout_coordinates": [
      [
        3.316667978410972,
        1.6194097890180843
      ],
      [
        3.4334988697154105,
        0.1796005859242104
      ],
      [
        0.9001425128637343,
        3.2356513681995325
      ],
      [
        3.1188842427214567,
        3.73278935328103
      ],
      [
        0.5065433589899765,
        2.6365539972811356
      ],
      [
        3.1407691817403767,
        2.8018700462336743
      ],
      [
        0.9622490421514075,
        0.09274708719216185
      ],
      [
        1.9444535163852723,
        2.159344152911878
      ],
      [
        3.5230017345985805,
        2.7680520692479793
      ]
    ],
    "distance_matrix": [
      [
        0.0,
        1.4445414492069122,
        2.9072034961304714,
        2.122614328781265,
        2.988541904855788,
        1.1954717255395555,
        2.8060626387456225,
        1.474619153241228,
        1.167027294828283
      ],
      [
        1.4445414492069122,
        0.0,
        3.9695517145700987,
        3.567090239955981,
        3.821477283374117,
        2.6385579001973114,
        2.4727756146640383,
        2.477224385335961,
        2.5899984255484236
      ],
      [
        2.9072034961304714,
        3.9695517145700987,
        0.0,
        2.2737548328751123,
        0.7168249115170825,
        2.282230072663071,
        3.1435178607023406,
        1.4996741958693651,
        2.664214631259934
      ],
      [
        2.122614328781265,
        3.567090239955981,
        2.2737548328751123,
        0.0,
        2.8330296236642476,
        0.9311765175246801,
        4.2309553397845265,
        1.9634198047099503,
        1.0459583999588722
      ],
      [
        2.988541904855788,
        3.821477283374117,
        0.7168249115170825,
        2.8330296236642476,
        0.0,
        2.6394080929796173,
        2.584302858699429,
        1.5150296552554658,
        3.0193232478007874
      ],
      [
        1.1954717255395555,
        2.6385579001973114,
        2.282230072663071,
        0.9311765175246801,
        2.6394080929796173,
        0.0,
        3.4763914057252787,
        1.3579435535997062,
        0.38372565724994795
      ],
      [
        2.8060626387456225,
        2.4727756146640383,
        3.1435178607023406,
        4.2309553397845265,
        2.584302858699429,
        3.4763914057252787,
        0.0,
        2.2881322211022606,
        3.703337832130377
      ],
      [
        1.474619153241228,
        2.477224385335961,
        1.4996741958693651,
        1.9634198047099503,
        1.5150296552554658,
        1.3579435535997062,
        2.2881322211022606,
        0.0,
        1.6918450888407743
      ],
      [
        1.167027294828283,
        2.5899984255484236,
        2.664214631259934,
        1.0459583999588722,
        3.0193232478007874,
        0.38372565724994795,
        3.703337832130377,
        1.6918450888407743,
        0.0
      ]
    ],
    "machine_proc_power": [
      9.489739724538875,
      8.482211209744612,
      7.874317799353779,
      7.776058662486667,
      8.09838603750001,
      5.385678899118817,
      6.097945074512768,
      5.775627784987047
    ],
    "machine_idle_power": [
      2.372434931134719,
      2.120552802436153,
      1.9685794498384448,
      1.9440146656216668,
      2.0245965093750025,
      1.3464197247797043,
      1.524486268628192,
      1.4439069462467617
    ],
    "machine_setup_power": [
      4.744869862269438,
      4.241105604872306,
      3.9371588996768896,
      3.8880293312433336,
      4.049193018750005,
      2.6928394495594086,
      3.048972537256384,
      2.8878138924935235
    ],
    "machine_setup_time": [
      1.0767964800485603,
      1.468503506638649,
      1.597649016129203,
      1.0341342827625661,
      0.577401424468803,
      0.6398179091927324,
      0.7115842522750978,
      1.1604926414217287
    ],
    "agv_load_power_params": [
      4.581928868046171,
      0.0,
      0.0
    ],
    "agv_empty_power_params": [
      2.749157320827703,
      0.0,
      0.0
    ],
    "extension_metadata": {
      "energy_model_version": "calibrated_dimensionless_v5",
      "transport_time_ratio_target": 0.3,
      "transport_time_ratio_realized": 0.29999999999999993,
      "median_processing_time": 11.0,
      "middle_speed": 0.75,
      "layout_distance_scale": 3.7990466535020007,
      "machine_idle_boundary": "first_processing_start_to_last_completion",
      "energy_unit": "normalized_energy_index"
    }
  },
  {
    "dataset": "Brandimarte",
    "instance": "Mk04.fjs",
    "source_path": "data/benchmarks/brandimarte/Mk04.fjs",
    "source_sha256": "8b44291b94e6244fd8283dce4dbf7a4dbbd2b9950aa2a9d198f660e4d1131705",
    "source_bytes": 903,
    "num_jobs": 15,
    "num_machines": 8,
    "num_operations": 90,
    "num_agv": 3,
    "speed_levels": [
      0.5,
      0.75,
      1.0
    ],
    "extension_base_seed": 42,
    "extension_instance_seed": 2475686979,
    "layout_coordinates": [
      [
        0.6227026937320685,
        0.6495795863191766
      ],
      [
        0.9551204275656632,
        0.2154527012416821
      ],
      [
        1.0522389016768312,
        0.6420807697655522
      ],
      [
        0.7656264031680167,
        0.3082190012875578
      ],
      [
        0.8564031183697912,
        2.186999367754823
      ],
      [
        0.1451768970242037,
        1.9139584249658712
      ],
      [
        2.218078619032366,
        0.3301743453719237
      ],
      [
        1.2033788505402383,
        0.35116078900054865
      ],
      [
        0.3017461566189955,
        0.07004949378110908
      ]
    ],
    "distance_matrix": [
      [
        0.0,
        0.5467793907181859,
        0.42960165989585214,
        0.3700732842722646,
        1.555080535800472,
        1.351549012851197,
        1.6270353563989792,
        0.6528694951355918,
        0.6624713026786869
      ],
      [
        0.5467793907181859,
        0.0,
        0.4375425772037387,
        0.21098239667473995,
        1.974016556509583,
        1.8817359581486972,
        1.2681578959359874,
        0.28292919549065854,
        0.6693579241892278
      ],
      [
        0.42960165989585214,
        0.4375425772037387,
        0.0,
        0.44001182342377937,
        1.557281326041193,
        1.5621889290614963,
        1.206842104064012,
        0.32783794678277156,
        0.9436414261194959
      ],
      [
        0.3700732842722646,
        0.21098239667473995,
        0.44001182342377937,
        0.0,
        1.8809721096937342,
        1.7214402941806792,
        1.452618145454311,
        0.43985361464054984,
        0.5214495157196379
      ],
      [
        1.555080535800472,
        1.974016556509583,
        1.557281326041193,
        1.8809721096937342,
        0.0,
        0.761836002279101,
        2.3025983872251645,
        1.8683402917985077,
        2.1884060670122323
      ],
      [
        1.351549012851197,
        1.8817359581486972,
        1.5621889290614963,
        1.7214402941806792,
        0.761836002279101,
        0.0,
        2.608695758397221,
        1.8873600147836005,
        1.8505442657642626
      ],
      [
        1.6270353563989792,
        1.2681578959359874,
        1.206842104064012,
        1.452618145454311,
        2.3025983872251645,
        2.608695758397221,
        0.0,
        1.0149167704763555,
        1.9339066794740731
      ],
      [
        0.6528694951355918,
        0.28292919549065854,
        0.32783794678277156,
        0.43985361464054984,
        1.8683402917985077,
        1.8873600147836005,
        1.0149167704763555,
        0.0,
        0.9444390266436624
      ],
      [
        0.6624713026786869,
        0.6693579241892278,
        0.9436414261194959,
        0.5214495157196379,
        2.1884060670122323,
        1.8505442657642626,
        1.9339066794740731,
        0.9444390266436624,
        0.0
      ]
    ],
    "machine_proc_power": [
      8.38302781785053,
      8.744239758766591,
      9.651693661246753,
      7.9822618935418905,
      5.257699648545663,
      5.743396462381469,
      5.30364767350472,
      9.764145112306245
    ],
    "machine_idle_power": [
      2.0957569544626327,
      2.186059939691648,
      2.4129234153116883,
      1.9955654733854726,
      1.3144249121364158,
      1.4358491155953672,
      1.32591191837618,
      2.4410362780765613
    ],
    "machine_setup_power": [
      4.191513908925265,
      4.372119879383296,
      4.825846830623377,
      3.9911309467709453,
      2.6288498242728315,
      2.8716982311907344,
      2.65182383675236,
      4.882072556153123
    ],
    "machine_setup_time": [
      0.38964197378309234,
      0.6734553635185141,
      0.3552115649852308,
      0.46584797600190087,
      0.4715603553381887,
      0.7002940528584246,
      0.42495705953514024,
      0.7711838968477337
    ],
    "agv_load_power_params": [
      5.490798116269304,
      0.0,
      0.0
    ],
    "agv_empty_power_params": [
      3.2944788697615826,
      0.0,
      0.0
    ],
    "extension_metadata": {
      "energy_model_version": "calibrated_dimensionless_v5",
      "transport_time_ratio_target": 0.3,
      "transport_time_ratio_realized": 0.29999999999999993,
      "median_processing_time": 5.5,
      "middle_speed": 0.75,
      "layout_distance_scale": 2.2379504607348837,
      "machine_idle_boundary": "first_processing_start_to_last_completion",
      "energy_unit": "normalized_energy_index"
    }
  },
  {
    "dataset": "Brandimarte",
    "instance": "Mk05.fjs",
    "source_path": "data/benchmarks/brandimarte/Mk05.fjs",
    "source_sha256": "e2cf5573f4a9fcec4140e1f90b719787fdf2f78c9c5dc14b3b9bd7d970c7cf90",
    "source_bytes": 971,
    "num_jobs": 15,
    "num_machines": 4,
    "num_operations": 106,
    "num_agv": 3,
    "speed_levels": [
      0.5,
      0.75,
      1.0
    ],
    "extension_base_seed": 42,
    "extension_instance_seed": 610089941,
    "layout_coordinates": [
      [
        2.0360821193961134,
        2.102806383062907
      ],
      [
        3.259613348262768,
        1.2649663466351933
      ],
      [
        3.0968703174025216,
        3.388861246131894
      ],
      [
        2.7324708715300168,
        1.4696814093581905
      ],
      [
        3.7545326012807947,
        1.4521915189084575
      ]
    ],
    "distance_matrix": [
      [
        0.0,
        1.4829041083809629,
        1.6670958916190375,
        0.9411718899474278,
        1.8374906149824022
      ],
      [
        1.4829041083809629,
        0.0,
        2.13012085060958,
        0.5654975222594877,
        0.5291486862316442
      ],
      [
        1.6670958916190375,
        2.13012085060958,
        0.0,
        1.9534682495579312,
        2.045289542333722
      ],
      [
        0.9411718899474278,
        0.5654975222594877,
        1.9534682495579312,
        0.0,
        1.0222113654666023
      ],
      [
        1.8374906149824022,
        0.5291486862316442,
        2.045289542333722,
        1.0222113654666023,
        0.0
      ]
    ],
    "machine_proc_power": [
      8.174813031766844,
      9.164079066341005,
      5.628027101724536,
      8.501282697403683
    ],
    "machine_idle_power": [
      2.043703257941711,
      2.291019766585251,
      1.407006775431134,
      2.1253206743509208
    ],
    "machine_setup_power": [
      4.087406515883422,
      4.582039533170502,
      2.814013550862268,
      4.2506413487018415
    ],
    "machine_setup_time": [
      0.7757339120679914,
      0.6802657817451462,
      0.6848652809708371,
      0.9355929316511493
    ],
    "agv_load_power_params": [
      5.2425210155471484,
      0.0,
      0.0
    ],
    "agv_empty_power_params": [
      3.145512609328289,
      0.0,
      0.0
    ],
    "extension_metadata": {
      "energy_model_version": "calibrated_dimensionless_v5",
      "transport_time_ratio_target": 0.3,
      "transport_time_ratio_realized": 0.30000000000000004,
      "median_processing_time": 7.0,
      "middle_speed": 0.75,
      "layout_distance_scale": 3.798836931279733,
      "machine_idle_boundary": "first_processing_start_to_last_completion",
      "energy_unit": "normalized_energy_index"
    }
  },
  {
    "dataset": "Brandimarte",
    "instance": "Mk06.fjs",
    "source_path": "data/benchmarks/brandimarte/Mk06.fjs",
    "source_sha256": "3630268312e16f17209d5122b50a332d2804dde237b3c882e6a8faff958f1945",
    "source_bytes": 2296,
    "num_jobs": 10,
    "num_machines": 10,
    "num_operations": 150,
    "num_agv": 3,
    "speed_levels": [
      0.5,
      0.75,
      1.0
    ],
    "extension_base_seed": 42,
    "extension_instance_seed": 4200728561,
    "layout_coordinates": [
      [
        0.7765963328429556,
        0.09601608172278751
      ],
      [
        1.7588224022096546,
        1.721063453495758
      ],
      [
        1.027717051260052,
        1.726132212004409
      ],
      [
        1.655361816285379,
        1.4109970930919482
      ],
      [
        1.4663888400885308,
        0.4259070112289426
      ],
      [
        2.005317555692434,
        1.299062422299195
      ],
      [
        0.35149657602044454,
        0.5763737501486661
      ],
      [
        1.5194701504212735,
        1.5061712509827148
      ],
      [
        1.0693277415618436,
        0.4307012172720539
      ],
      [
        1.6989364285798965,
        1.9769215757062577
      ],
      [
        0.31064272076482286,
        0.9377807625311044
      ]
    ],
    "distance_matrix": [
      [
        0.0,
        1.8988277994198932,
        1.6493453893659287,
        1.5815826994347328,
        0.7646186817117221,
        1.7196151723728783,
        0.641446250956465,
        1.593862952149236,
        0.44464122346918694,
        2.094878690879553,
        0.9621229372928319
      ],
      [
        1.8988277994198932,
        0.0,
        0.7311229216075507,
        0.3268719025763147,
        1.327760369268523,
        0.4887174347426758,
        1.8140784156171408,
        0.32166466877336,
        1.4630234405962466,
        0.2627731122825679,
        1.6464374156688992
      ],
      [
        1.6493453893659287,
        0.7311229216075507,
        0.0,
        0.7023162352072381,
        1.3722312163209156,
        1.0668136442440654,
        1.3338735516315496,
        0.538705796245273,
        1.2960991133631141,
        0.7165408274729487,
        1.0656892620937124
      ],
      [
        1.5815826994347328,
        0.3268719025763147,
        0.7023162352072381,
        0.0,
        1.0030519702974305,
        0.36742127057292256,
        1.5481152054537008,
        0.16590559117021397,
        1.1421103015412144,
        0.5675995655908235,
        1.4255536262684376
      ],
      [
        0.7646186817117221,
        1.327760369268523,
        1.3722312163209156,
        1.0030519702974305,
        0.0,
        1.0260821275042922,
        1.125,
        1.081567590674497,
        0.39709004063915204,
        1.5683509046555575,
        1.264026831045907
      ],
      [
        1.7196151723728783,
        0.4887174347426758,
        1.0668136442440654,
        0.36742127057292256,
        1.0260821275042922,
        0.0,
        1.804827623253233,
        0.5281493805045868,
        1.2767647060255096,
        0.7438833422711444,
        1.7327571191086513
      ],
      [
        0.641446250956465,
        1.8140784156171408,
        1.3338735516315496,
        1.5481152054537008,
        1.125,
        1.804827623253233,
        0.0,
        1.4928783148856746,
        0.7324630154876156,
        1.9434835651323465,
        0.36370876548200926
      ],
      [
        1.593862952149236,
        0.32166466877336,
        0.538705796245273,
        0.16590559117021397,
        1.081567590674497,
        0.5281493805045868,
        1.4928783148856746,
        0.0,
        1.1658747710038933,
        0.5037995764422886,
        1.3357887190914892
      ],
      [
        0.44464122346918694,
        1.4630234405962466,
        1.2960991133631141,
        1.1421103015412144,
        0.39709004063915204,
        1.2767647060255096,
        0.7324630154876156,
        1.1658747710038933,
        0.0,
        1.6694922867761306,
        0.9125418489044221
      ],
      [
        2.094878690879553,
        0.2627731122825679,
        0.7165408274729487,
        0.5675995655908235,
        1.5683509046555575,
        0.7438833422711444,
        1.9434835651323465,
        0.5037995764422886,
        1.6694922867761306,
        0.0,
        1.7341202521063075
      ],
      [
        0.9621229372928319,
        1.6464374156688992,
        1.0656892620937124,
        1.4255536262684376,
        1.264026831045907,
        1.7327571191086513,
        0.36370876548200926,
        1.3357887190914892,
        0.9125418489044221,
        1.7341202521063075,
        0.0
      ]
    ],
    "machine_proc_power": [
      6.09205757846367,
      7.722101486198547,
      7.553951788555322,
      8.94339023777592,
      8.711581142548706,
      6.103718637452853,
      9.662197712990784,
      7.382884956145038,
      8.599668170537305,
      5.932637067889869
    ],
    "machine_idle_power": [
      1.5230143946159176,
      1.9305253715496367,
      1.8884879471388305,
      2.23584755944398,
      2.1778952856371765,
      1.5259296593632132,
      2.415549428247696,
      1.8457212390362594,
      2.149917042634326,
      1.4831592669724674
    ],
    "machine_setup_power": [
      3.046028789231835,
      3.8610507430992733,
      3.776975894277661,
      4.47169511888796,
      4.355790571274353,
      3.0518593187264265,
      4.831098856495392,
      3.691442478072519,
      4.299834085268652,
      2.9663185339449347
    ],
    "machine_setup_time": [
      0.25507445225229847,
      0.6609301193703878,
      0.5230295118122887,
      0.3784692701658346,
      0.3459399261526628,
      0.7279906100206981,
      0.571258131960741,
      0.6929554666204594,
      0.3152251167686637,
      0.4479256757836689
    ],
    "agv_load_power_params": [
      4.270542575867337,
      0.0,
      0.0
    ],
    "agv_empty_power_params": [
      2.562325545520402,
      0.0,
      0.0
    ],
    "extension_metadata": {
      "energy_model_version": "calibrated_dimensionless_v5",
      "transport_time_ratio_target": 0.3,
      "transport_time_ratio_realized": 0.3,
      "median_processing_time": 5.0,
      "middle_speed": 0.75,
      "layout_distance_scale": 2.046915648783559,
      "machine_idle_boundary": "first_processing_start_to_last_completion",
      "energy_unit": "normalized_energy_index"
    }
  },
  {
    "dataset": "Brandimarte",
    "instance": "Mk07.fjs",
    "source_path": "data/benchmarks/brandimarte/Mk07.fjs",
    "source_sha256": "88e317e0adc1ff9dc9553bae3687eb09de931973bce6d2257f722185c2fd11de",
    "source_bytes": 1516,
    "num_jobs": 20,
    "num_machines": 5,
    "num_operations": 100,
    "num_agv": 3,
    "speed_levels": [
      0.5,
      0.75,
      1.0
    ],
    "extension_base_seed": 42,
    "extension_instance_seed": 3411758327,
    "layout_coordinates": [
      [
        3.0443019208107422,
        1.5326066755946408
      ],
      [
        1.5082238811055064,
        1.9819278196937966
      ],
      [
        2.561342767350458,
        0.2523135241255068
      ],
      [
        0.8805515415126629,
        2.213408124345012
      ],
      [
        0.577509410199843,
        1.4164522665899937
      ],
      [
        3.1530169699192983,
        2.5807081928889017
      ]
    ],
    "distance_matrix": [
      [
        0.0,
        1.6004453238393537,
        1.3683567143145976,
        2.2683267658195074,
        2.469525690722257,
        1.053724704302413
      ],
      [
        1.6004453238393537,
        0.0,
        2.025,
        0.668996036857748,
        1.0890326108575723,
        1.7503948812577361
      ],
      [
        1.3683567143145976,
        2.025,
        0.0,
        2.5828184558469105,
        2.3001769063813935,
        2.402394658567004
      ],
      [
        2.2683267658195074,
        0.668996036857748,
        2.5828184558469105,
        0.0,
        0.8526272178160004,
        2.30195752863855
      ],
      [
        2.469525690722257,
        1.0890326108575723,
        2.3001769063813935,
        0.8526272178160004,
        0.0,
        2.8264343353586323
      ],
      [
        1.053724704302413,
        1.7503948812577361,
        2.402394658567004,
        2.30195752863855,
        2.8264343353586323,
        0.0
      ]
    ],
    "machine_proc_power": [
      8.550924764223558,
      5.741073129075455,
      5.761569075775911,
      7.927845173583078,
      6.054848054093512
    ],
    "machine_idle_power": [
      2.1377311910558894,
      1.4352682822688638,
      1.4403922689439776,
      1.9819612933957695,
      1.513712013523378
    ],
    "machine_setup_power": [
      4.275462382111779,
      2.8705365645377277,
      2.8807845378879553,
      3.963922586791539,
      3.027424027046756
    ],
    "machine_setup_time": [
      1.206773968696565,
      0.49619492906772855,
      0.8520898561393531,
      0.8439691913349369,
      1.1473136610868955
    ],
    "agv_load_power_params": [
      4.285121012455148,
      0.0,
      0.0
    ],
    "agv_empty_power_params": [
      2.5710726074730887,
      0.0,
      0.0
    ],
    "extension_metadata": {
      "energy_model_version": "calibrated_dimensionless_v5",
      "transport_time_ratio_target": 0.3,
      "transport_time_ratio_realized": 0.3,
      "median_processing_time": 9.0,
      "middle_speed": 0.75,
      "layout_distance_scale": 3.1926180868261613,
      "machine_idle_boundary": "first_processing_start_to_last_completion",
      "energy_unit": "normalized_energy_index"
    }
  },
  {
    "dataset": "Brandimarte",
    "instance": "Mk08.fjs",
    "source_path": "data/benchmarks/brandimarte/Mk08.fjs",
    "source_sha256": "8672e4efda1195ae6aafd265e767d0561e5ea7a6c9dd04093d697dff07a54e0b",
    "source_bytes": 2021,
    "num_jobs": 20,
    "num_machines": 10,
    "num_operations": 225,
    "num_agv": 3,
    "speed_levels": [
      0.5,
      0.75,
      1.0
    ],
    "extension_base_seed": 42,
    "extension_instance_seed": 1112660941,
    "layout_coordinates": [
      [
        4.985417100560223,
        4.8651548745784075
      ],
      [
        0.14989927227005143,
        0.8822760137269725
      ],
      [
        0.4236076371346856,
        2.0354973768036095
      ],
      [
        2.7468718993625183,
        4.8943476360379305
      ],
      [
        2.26946640665526,
        3.7685337034032815
      ],
      [
        3.0577291753848304,
        2.9693735185424397
      ],
      [
        2.4527512593105545,
        1.7149286325212514
      ],
      [
        0.2852516214928287,
        4.7281696954647865
      ],
      [
        4.296771115311872,
        2.8585770873373195
      ],
      [
        4.835623617481915,
        2.9845424811629773
      ],
      [
        1.1803437317091199,
        4.1755720076560685
      ]
    ],
    "distance_matrix": [
      [
        0.0,
        6.264627418125465,
        5.368153046934479,
        2.238735543811932,
        2.9289872250988664,
        2.7036951911708886,
        4.042068980061875,
        4.702161255201019,
        2.121458863435257,
        1.8865685945229882,
        3.86705415952411
      ],
      [
        6.264627418125465,
        0.0,
        1.1852576855912849,
        4.779224364729117,
        3.5809284115130744,
        3.579308695831564,
        2.448762474761765,
        3.8482747393697037,
        4.5937252874074295,
        5.135711921381203,
        3.450741121501019
      ],
      [
        5.368153046934479,
        1.1852576855912849,
        0.0,
        3.6838270367742814,
        2.531918147636312,
        2.794766703390877,
        2.0543096551464126,
        2.696224508965907,
        3.959653461930457,
        4.512933815263393,
        2.269927078663554
      ],
      [
        2.238735543811932,
        4.779224364729117,
        3.6838270367742814,
        0.0,
        1.2228544538829447,
        1.9499122029167255,
        3.19299422968905,
        2.4672230341727075,
        2.5586225408522467,
        2.830236645500457,
        1.723557049826682
      ],
      [
        2.9289872250988664,
        3.5809284115130744,
        2.531918147636312,
        1.2228544538829447,
        0.0,
        1.1225039837933861,
        2.0617679608445902,
        2.2040892792527855,
        2.222157830772487,
        2.6832452491763554,
        1.1626987495524457
      ],
      [
        2.7036951911708886,
        3.579308695831564,
        2.794766703390877,
        1.9499122029167255,
        1.1225039837933861,
        0.0,
        1.3927060892386036,
        3.2832903890444474,
        1.2439858431935455,
        1.7779591515742674,
        2.2314772907796856
      ],
      [
        4.042068980061875,
        2.448762474761765,
        2.0543096551464126,
        3.19299422968905,
        2.0617679608445902,
        1.3927060892386036,
        0.0,
        3.7118292502954735,
        2.169871198373373,
        2.6999999999999997,
        2.7701600560060897
      ],
      [
        4.702161255201019,
        3.8482747393697037,
        2.696224508965907,
        2.4672230341727075,
        2.2040892792527855,
        3.2832903890444474,
        3.7118292502954735,
        0.0,
        4.425795427903899,
        4.872999196012205,
        1.0519287477500525
      ],
      [
        2.121458863435257,
        4.5937252874074295,
        3.959653461930457,
        2.5586225408522467,
        2.222157830772487,
        1.2439858431935455,
        2.169871198373373,
        4.425795427903899,
        0.0,
        0.5533798871811031,
        3.3832817289452084
      ],
      [
        1.8865685945229882,
        5.135711921381203,
        4.512933815263393,
        2.830236645500457,
        2.6832452491763554,
        1.7779591515742674,
        2.6999999999999997,
        4.872999196012205,
        0.5533798871811031,
        0.0,
        3.8444274445375526
      ],
      [
        3.86705415952411,
        3.450741121501019,
        2.269927078663554,
        1.723557049826682,
        1.1626987495524457,
        2.2314772907796856,
        2.7701600560060897,
        1.0519287477500525,
        3.3832817289452084,
        3.8444274445375526,
        0.0
      ]
    ],
    "machine_proc_power": [
      5.999831883145482,
      9.54463349143068,
      7.986245286537958,
      7.882584678519185,
      6.231551841651855,
      6.036981234893995,
      5.297833655610724,
      5.854048270506359,
      8.045929381318812,
      8.707229087296593
    ],
    "machine_idle_power": [
      1.4999579707863706,
      2.38615837285767,
      1.9965613216344895,
      1.9706461696297963,
      1.5578879604129638,
      1.5092453087234987,
      1.324458413902681,
      1.4635120676265898,
      2.011482345329703,
      2.1768072718241482
    ],
    "machine_setup_power": [
      2.999915941572741,
      4.77231674571534,
      3.993122643268979,
      3.9412923392595927,
      3.1157759208259277,
      3.0184906174469974,
      2.648916827805362,
      2.9270241352531796,
      4.022964690659406,
      4.3536145436482965
    ],
    "machine_setup_time": [
      0.7988085417205072,
      1.6347804498846552,
      0.8948980417884143,
      1.7330900718924682,
      1.787997754122928,
      1.3586193806217373,
      1.3640926408805265,
      0.8497734614527286,
      0.8805884856901943,
      1.064802505131577
    ],
    "agv_load_power_params": [
      5.979191816796744,
      0.0,
      0.0
    ],
    "agv_empty_power_params": [
      3.5875150900780466,
      0.0,
      0.0
    ],
    "extension_metadata": {
      "energy_model_version": "calibrated_dimensionless_v5",
      "transport_time_ratio_target": 0.3,
      "transport_time_ratio_realized": 0.3,
      "median_processing_time": 12.0,
      "middle_speed": 0.75,
      "layout_distance_scale": 4.994481269710874,
      "machine_idle_boundary": "first_processing_start_to_last_completion",
      "energy_unit": "normalized_energy_index"
    }
  },
  {
    "dataset": "Brandimarte",
    "instance": "Mk09.fjs",
    "source_path": "data/benchmarks/brandimarte/Mk09.fjs",
    "source_sha256": "ce0de54601d0ede7004b5bbb84974652773b051b9b6d1db1b6e6a31aad0d8876",
    "source_bytes": 3375,
    "num_jobs": 20,
    "num_machines": 10,
    "num_operations": 240,
    "num_agv": 3,
    "speed_levels": [
      0.5,
      0.75,
      1.0
    ],
    "extension_base_seed": 42,
    "extension_instance_seed": 324252985,
    "layout_coordinates": [
      [
        0.8300010717002144,
        0.7721992398260613
      ],
      [
        0.9162114978261396,
        0.07527033048933393
      ],
      [
        3.790503963153631,
        1.648475655219121
      ],
      [
        1.1078133391909244,
        2.869785883359838
      ],
      [
        0.11209537274763048,
        1.291795553556463
      ],
      [
        0.7562597176631843,
        3.9569380241618237
      ],
      [
        3.3434055278086103,
        0.5593717050148073
      ],
      [
        0.22609888014983667,
        3.1525809827911973
      ],
      [
        3.329484269479059,
        1.8708071488406448
      ],
      [
        2.1578028789046653,
        0.23783679805546082
      ],
      [
        1.5364482530274683,
        0.4879710148611121
      ]
    ],
    "distance_matrix": [
      [
        0.0,
        0.7022408007529141,
        3.0874646113725985,
        2.11590391632031,
        0.8862104275118974,
        3.1855923957323298,
        2.5223991594431237,
        2.4557921530946154,
        2.7302665792424285,
        1.4312934214864694,
        0.761480993769344
      ],
      [
        0.7022408007529141,
        0.0,
        3.2766647936578046,
        2.801076300433374,
        1.4582648459624212,
        3.884961860311888,
        2.4749999999999996,
        3.1537432165359562,
        3.0079624227135073,
        1.2521888890839947,
        0.7449936156663405
      ],
      [
        3.0874646113725985,
        3.2766647936578046,
        0.0,
        2.9476138921606654,
        3.695661030572845,
        3.8125630027733894,
        1.1773038797347972,
        3.8687616148031125,
        0.5118304905061573,
        2.1576873767642395,
        2.5352589936029872
      ],
      [
        2.11590391632031,
        2.801076300433374,
        2.9476138921606654,
        0.0,
        1.8658798861799581,
        1.1425802930471054,
        3.2149472949499747,
        0.9259554284869816,
        2.4359351868448624,
        2.8336608867581212,
        2.420076436222886
      ],
      [
        0.8862104275118974,
        1.4582648459624212,
        3.695661030572845,
        1.8658798861799581,
        0.0,
        2.741884769986684,
        3.3132778350317653,
        1.8642744468967811,
        3.2690741411421387,
        2.301249282247461,
        1.6355167429807203
      ],
      [
        3.1855923957323298,
        3.884961860311888,
        3.8125630027733894,
        1.1425802930471054,
        2.741884769986684,
        0.0,
        4.270454347719366,
        0.9633591041949843,
        3.3126162806815276,
        3.974422871669372,
        3.5556189703525027
      ],
      [
        2.5223991594431237,
        2.4749999999999996,
        1.1773038797347972,
        3.2149472949499747,
        3.3132778350317653,
        4.270454347719366,
        0.0,
        4.0549149305359204,
        1.3115093307926367,
        1.2284292154948966,
        1.8083673994625415
      ],
      [
        2.4557921530946154,
        3.1537432165359562,
        3.8687616148031125,
        0.9259554284869816,
        1.8642744468967811,
        0.9633591041949843,
        4.0549149305359204,
        0.0,
        3.3576695841166964,
        3.496743342205171,
        2.969370600008219
      ],
      [
